209.72	1.584	0.25491	209.72	1.584	0.25491	209.72	1.2753	0.47464	
211.3	1.5858	0.25857	211.3	1.5858	0.25857	211.3	1.2776	0.4827	
212.89	1.5885	0.26398	212.89	1.5885	0.26398	212.89	1.2808	0.49454	
214.47	1.5955	0.26591	214.47	1.5955	0.26591	214.47	1.286	0.50903	
216.05	1.5991	0.27146	216.05	1.5991	0.27146	216.05	1.2867	0.52169	
217.64	1.6075	0.2723	217.64	1.6075	0.2723	217.64	1.2938	0.53484	
219.22	1.6149	0.27235	219.22	1.6149	0.27235	219.22	1.3005	0.5486	
220.8	1.621	0.26892	220.8	1.621	0.26892	220.8	1.3116	0.56043	
222.39	1.628	0.26607	222.39	1.628	0.26607	222.39	1.3237	0.57614	
223.97	1.6342	0.25998	223.97	1.6342	0.25998	223.97	1.3404	0.58785	
225.56	1.6383	0.25446	225.56	1.6383	0.25446	225.56	1.3564	0.59665	
227.14	1.6406	0.24608	227.14	1.6406	0.24608	227.14	1.3737	0.60337	
228.72	1.6428	0.23877	228.72	1.6428	0.23877	228.72	1.3949	0.61002	
230.31	1.6423	0.23047	230.31	1.6423	0.23047	230.31	1.4154	0.6117	
231.89	1.6396	0.2228	231.89	1.6396	0.2228	231.89	1.4359	0.60605	
233.48	1.6351	0.21496	233.48	1.6351	0.21496	233.48	1.4555	0.60067	
235.06	1.6277	0.20866	235.06	1.6277	0.20866	235.06	1.4716	0.59159	
236.64	1.6201	0.20502	236.64	1.6201	0.20502	236.64	1.485	0.5804	
238.23	1.6108	0.2031	238.23	1.6108	0.2031	238.23	1.494	0.57125	
239.81	1.6016	0.20374	239.81	1.6016	0.20374	239.81	1.4993	0.55957	
241.4	1.5929	0.20628	241.4	1.5929	0.20628	241.4	1.5004	0.54985	
242.98	1.5857	0.2102	242.98	1.5857	0.2102	242.98	1.499	0.54381	
244.57	1.5797	0.21502	244.57	1.5797	0.21502	244.57	1.4963	0.53909	
246.15	1.5744	0.22111	246.15	1.5744	0.22111	246.15	1.4933	0.5372	
247.74	1.5698	0.22729	247.74	1.5698	0.22729	247.74	1.4902	0.53556	
249.32	1.5659	0.23394	249.32	1.5659	0.23394	249.32	1.4868	0.53717	
250.91	1.5626	0.24185	250.91	1.5626	0.24185	250.91	1.4834	0.5392	
252.49	1.5602	0.2503	252.49	1.5602	0.2503	252.49	1.48	0.54388	
254.08	1.5588	0.26025	254.08	1.5588	0.26025	254.08	1.4769	0.55062	
255.66	1.5594	0.2708	255.66	1.5594	0.2708	255.66	1.4732	0.56017	
257.25	1.5613	0.28095	257.25	1.5613	0.28095	257.25	1.4719	0.57203	
258.83	1.5652	0.2911	258.83	1.5652	0.2911	258.83	1.4716	0.58471	
260.42	1.5712	0.30057	260.42	1.5712	0.30057	260.42	1.4741	0.59961	
262	1.5797	0.30832	262	1.5797	0.30832	262	1.478	0.6178	
263.59	1.5895	0.31437	263.59	1.5895	0.31437	263.59	1.4849	0.63806	
265.17	1.5996	0.31834	265.17	1.5996	0.31834	265.17	1.4947	0.65863	
266.76	1.6094	0.32007	266.76	1.6094	0.32007	266.76	1.5103	0.67791	
268.34	1.6201	0.31983	268.34	1.6201	0.31983	268.34	1.5282	0.69918	
269.93	1.6292	0.31894	269.93	1.6292	0.31894	269.93	1.5522	0.71914	
271.51	1.6377	0.31662	271.51	1.6377	0.31662	271.51	1.5803	0.73848	
273.1	1.645	0.31303	273.1	1.645	0.31303	273.1	1.6156	0.75533	
274.68	1.6514	0.30746	274.68	1.6514	0.30746	274.68	1.6558	0.77111	
276.27	1.6564	0.30181	276.27	1.6564	0.30181	276.27	1.7043	0.78185	
277.86	1.66	0.29565	277.86	1.66	0.29565	277.86	1.7591	0.78665	
279.44	1.6617	0.28892	279.44	1.6617	0.28892	279.44	1.8255	0.78077	
281.03	1.6611	0.28335	281.03	1.6611	0.28335	281.03	1.9013	0.76548	
282.61	1.659	0.27767	282.61	1.659	0.27767	282.61	1.9815	0.73536	
284.2	1.6566	0.27322	284.2	1.6566	0.27322	284.2	2.0592	0.69189	
285.78	1.6548	0.26795	285.78	1.6548	0.26795	285.78	2.1187	0.63978	
287.37	1.654	0.26263	287.37	1.654	0.26263	287.37	2.158	0.58558	
288.96	1.6538	0.25694	288.96	1.6538	0.25694	288.96	2.176	0.53248	
290.54	1.6538	0.25134	290.54	1.6538	0.25134	290.54	2.1841	0.48537	
292.13	1.6536	0.24613	292.13	1.6536	0.24613	292.13	2.181	0.44437	
293.71	1.6533	0.24147	293.71	1.6533	0.24147	293.71	2.1744	0.40745	
295.3	1.6528	0.2375	295.3	1.6528	0.2375	295.3	2.1623	0.37444	
296.89	1.6521	0.23405	296.89	1.6521	0.23405	296.89	2.1482	0.34525	
298.47	1.6511	0.23104	298.47	1.6511	0.23104	298.47	2.1349	0.32104	
300.06	1.6501	0.22878	300.06	1.6501	0.22878	300.06	2.1211	0.29812	
301.65	1.649	0.2267	301.65	1.649	0.2267	301.65	2.1063	0.27834	
303.23	1.6477	0.22518	303.23	1.6477	0.22518	303.23	2.0918	0.25935	
304.82	1.6463	0.22393	304.82	1.6463	0.22393	304.82	2.078	0.24259	
306.4	1.6448	0.22267	306.4	1.6448	0.22267	306.4	2.0645	0.2267	
307.99	1.6426	0.22166	307.99	1.6426	0.22166	307.99	2.0518	0.21369	
309.58	1.6406	0.22067	309.58	1.6406	0.22067	309.58	2.0383	0.20132	
311.16	1.6386	0.21965	311.16	1.6386	0.21965	311.16	2.0235	0.1912	
312.75	1.6367	0.21882	312.75	1.6367	0.21882	312.75	2.0086	0.18217	
314.34	1.6345	0.21826	314.34	1.6345	0.21826	314.34	1.9925	0.17426	
315.92	1.6318	0.21805	315.92	1.6318	0.21805	315.92	1.979	0.16991	
317.51	1.6289	0.21856	317.51	1.6289	0.21856	317.51	1.9648	0.16763	
319.1	1.6259	0.21987	319.1	1.6259	0.21987	319.1	1.9524	0.1672	
320.68	1.6232	0.22184	320.68	1.6232	0.22184	320.68	1.9432	0.16787	
322.27	1.6209	0.22458	322.27	1.6209	0.22458	322.27	1.9342	0.17013	
323.86	1.6189	0.22793	323.86	1.6189	0.22793	323.86	1.9285	0.1728	
325.44	1.6174	0.23198	325.44	1.6174	0.23198	325.44	1.9253	0.17603	
327.03	1.6167	0.23639	327.03	1.6167	0.23639	327.03	1.9263	0.17931	
328.62	1.6167	0.2412	328.62	1.6167	0.2412	328.62	1.9295	0.18161	
330.2	1.6177	0.24616	330.2	1.6177	0.24616	330.2	1.9342	0.18141	
331.79	1.62	0.25091	331.79	1.62	0.25091	331.79	1.9413	0.18001	
333.38	1.6232	0.25514	333.38	1.6232	0.25514	333.38	1.9514	0.17584	
334.96	1.6272	0.25876	334.96	1.6272	0.25876	334.96	1.9605	0.16702	
336.55	1.6316	0.26152	336.55	1.6316	0.26152	336.55	1.9713	0.15602	
338.14	1.6368	0.26309	338.14	1.6368	0.26309	338.14	1.9779	0.14195	
339.73	1.642	0.26366	339.73	1.642	0.26366	339.73	1.9824	0.12557	
341.31	1.6467	0.26345	341.31	1.6467	0.26345	341.31	1.9838	0.1073	
342.9	1.6514	0.26288	342.9	1.6514	0.26288	342.9	1.9828	0.089432	
344.49	1.656	0.26148	344.49	1.656	0.26148	344.49	1.9816	0.073022	
346.07	1.66	0.25948	346.07	1.66	0.25948	346.07	1.9766	0.056532	
347.66	1.6632	0.25782	347.66	1.6632	0.25782	347.66	1.9732	0.042082	
349.25	1.6646	0.25512	349.25	1.6646	0.25512	349.25	1.9765	0.027507	
350.83	1.6659	0.25048	350.83	1.6659	0.25048	350.83	1.958	0.012843	
352.42	1.6692	0.24712	352.42	1.6692	0.24712	352.42	1.9408	0.0009397	
354.01	1.6732	0.24506	354.01	1.6732	0.24506	354.01	1.9261	0	
355.6	1.6746	0.24165	355.6	1.6746	0.24165	355.6	1.913	0	
357.18	1.6754	0.23814	357.18	1.6754	0.23814	357.18	1.8998	0	
358.77	1.6759	0.23461	358.77	1.6759	0.23461	358.77	1.8877	0	
360.36	1.6755	0.23117	360.36	1.6755	0.23117	360.36	1.8773	0	
361.94	1.6748	0.22774	361.94	1.6748	0.22774	361.94	1.8636	0	
363.53	1.6739	0.22471	363.53	1.6739	0.22471	363.53	1.8513	0	
365.12	1.6729	0.22187	365.12	1.6729	0.22187	365.12	1.8402	0	
366.71	1.6717	0.21932	366.71	1.6717	0.21932	366.71	1.8297	0	
368.29	1.6704	0.21687	368.29	1.6704	0.21687	368.29	1.8201	0	
369.88	1.6688	0.21441	369.88	1.6688	0.21441	369.88	1.8091	0	
371.47	1.6669	0.21183	371.47	1.6669	0.21183	371.47	1.7978	0	
373.05	1.6648	0.2096	373.05	1.6648	0.2096	373.05	1.7873	0	
374.64	1.6622	0.2076	374.64	1.6622	0.2076	374.64	1.7764	0	
376.23	1.6594	0.20598	376.23	1.6594	0.20598	376.23	1.7668	0	
377.82	1.6561	0.20463	377.82	1.6561	0.20463	377.82	1.7567	0	
379.4	1.6531	0.20353	379.4	1.6531	0.20353	379.4	1.7461	0	
380.99	1.6499	0.20304	380.99	1.6499	0.20304	380.99	1.7373	0	
382.58	1.6465	0.20282	382.58	1.6465	0.20282	382.58	1.7281	0	
384.17	1.643	0.2028	384.17	1.643	0.2028	384.17	1.7197	0	
385.75	1.6398	0.20292	385.75	1.6398	0.20292	385.75	1.7109	0	
387.34	1.6365	0.20322	387.34	1.6365	0.20322	387.34	1.7022	0	
388.93	1.6331	0.20372	388.93	1.6331	0.20372	388.93	1.6933	0	
390.51	1.6296	0.20456	390.51	1.6296	0.20456	390.51	1.6864	0	
392.1	1.6263	0.20553	392.1	1.6263	0.20553	392.1	1.6783	0	
393.69	1.623	0.20662	393.69	1.623	0.20662	393.69	1.6708	0	
395.28	1.6197	0.20809	395.28	1.6197	0.20809	395.28	1.6631	0	
396.86	1.6166	0.20987	396.86	1.6166	0.20987	396.86	1.6574	0	
398.45	1.6136	0.21166	398.45	1.6136	0.21166	398.45	1.6518	0	
400.04	1.6105	0.21367	400.04	1.6105	0.21367	400.04	1.6458	0	
401.63	1.6072	0.21605	401.63	1.6072	0.21605	401.63	1.6406	0	
403.21	1.6038	0.2186	403.21	1.6038	0.2186	403.21	1.6347	0	
404.8	1.6006	0.22178	404.8	1.6006	0.22178	404.8	1.6307	0	
406.39	1.5975	0.22523	406.39	1.5975	0.22523	406.39	1.6263	0.00057252	
407.97	1.5942	0.22891	407.97	1.5942	0.22891	407.97	1.6221	0.0048814	
409.56	1.591	0.23272	409.56	1.591	0.23272	409.56	1.6197	0.010455	
411.15	1.588	0.23649	411.15	1.588	0.23649	411.15	1.6165	0.015912	
412.74	1.5851	0.24044	412.74	1.5851	0.24044	412.74	1.6129	0.02057	
414.32	1.5826	0.24467	414.32	1.5826	0.24467	414.32	1.6102	0.024516	
415.91	1.58	0.24934	415.91	1.58	0.24934	415.91	1.6081	0.028574	
417.5	1.5774	0.25381	417.5	1.5774	0.25381	417.5	1.6057	0.032084	
419.08	1.5749	0.25855	419.08	1.5749	0.25855	419.08	1.6042	0.037101	
420.67	1.5728	0.26306	420.67	1.5728	0.26306	420.67	1.6011	0.042053	
422.26	1.5705	0.26794	422.26	1.5705	0.26794	422.26	1.5992	0.047421	
423.85	1.5682	0.2732	423.85	1.5682	0.2732	423.85	1.5973	0.051857	
425.43	1.5659	0.27887	425.43	1.5659	0.27887	425.43	1.596	0.05645	
427.02	1.5638	0.2849	427.02	1.5638	0.2849	427.02	1.5946	0.060564	
428.61	1.5619	0.29117	428.61	1.5619	0.29117	428.61	1.5937	0.065153	
430.19	1.5603	0.29777	430.19	1.5603	0.29777	430.19	1.5928	0.070136	
431.78	1.5589	0.30441	431.78	1.5589	0.30441	431.78	1.5925	0.076107	
433.37	1.5581	0.31134	433.37	1.5581	0.31134	433.37	1.5927	0.080729	
434.95	1.5575	0.31813	434.95	1.5575	0.31813	434.95	1.5917	0.085842	
436.54	1.5573	0.32506	436.54	1.5573	0.32506	436.54	1.5914	0.089402	
438.13	1.557	0.3322	438.13	1.557	0.3322	438.13	1.5917	0.093139	
439.72	1.5572	0.33932	439.72	1.5572	0.33932	439.72	1.592	0.095696	
441.3	1.5574	0.3465	441.3	1.5574	0.3465	441.3	1.5917	0.099679	
442.89	1.558	0.35373	442.89	1.558	0.35373	442.89	1.5916	0.10354	
444.48	1.5588	0.36114	444.48	1.5588	0.36114	444.48	1.5916	0.10812	
446.06	1.5598	0.36889	446.06	1.5598	0.36889	446.06	1.5911	0.11256	
447.65	1.561	0.37668	447.65	1.561	0.37668	447.65	1.5907	0.11607	
449.24	1.5624	0.38469	449.24	1.5624	0.38469	449.24	1.5908	0.11972	
450.82	1.5643	0.39283	450.82	1.5643	0.39283	450.82	1.592	0.12228	
452.41	1.5665	0.40109	452.41	1.5665	0.40109	452.41	1.5931	0.12509	
454	1.5692	0.41	454	1.5692	0.41	454	1.5943	0.12807	
455.58	1.5725	0.4188	455.58	1.5725	0.4188	455.58	1.5954	0.13148	
457.17	1.5759	0.42776	457.17	1.5759	0.42776	457.17	1.5951	0.13553	
458.76	1.5801	0.43659	458.76	1.5801	0.43659	458.76	1.5958	0.13909	
460.34	1.5848	0.44542	460.34	1.5848	0.44542	460.34	1.5961	0.1432	
461.93	1.5898	0.45436	461.93	1.5898	0.45436	461.93	1.5975	0.14682	
463.52	1.5954	0.46338	463.52	1.5954	0.46338	463.52	1.5995	0.14946	
465.1	1.6016	0.47257	465.1	1.6016	0.47257	465.1	1.6016	0.15242	
466.69	1.6086	0.48187	466.69	1.6086	0.48187	466.69	1.6033	0.15447	
468.28	1.6161	0.49023	468.28	1.6161	0.49023	468.28	1.6064	0.15663	
469.86	1.6239	0.49775	469.86	1.6239	0.49775	469.86	1.6077	0.15927	
471.45	1.6325	0.50529	471.45	1.6325	0.50529	471.45	1.608	0.16316	
473.04	1.6418	0.51285	473.04	1.6418	0.51285	473.04	1.6096	0.16583	
474.62	1.6514	0.51962	474.62	1.6514	0.51962	474.62	1.6122	0.1688	
476.21	1.6617	0.52665	476.21	1.6617	0.52665	476.21	1.6138	0.17164	
477.79	1.6727	0.53356	477.79	1.6727	0.53356	477.79	1.6163	0.17388	
479.38	1.6837	0.53945	479.38	1.6837	0.53945	479.38	1.6185	0.17624	
480.97	1.6944	0.54434	480.97	1.6944	0.54434	480.97	1.6212	0.17858	
482.55	1.7052	0.5487	482.55	1.7052	0.5487	482.55	1.6236	0.18029	
484.14	1.7165	0.55275	484.14	1.7165	0.55275	484.14	1.6265	0.18275	
485.73	1.7277	0.55636	485.73	1.7277	0.55636	485.73	1.629	0.18507	
487.31	1.7396	0.55952	487.31	1.7396	0.55952	487.31	1.6315	0.18772	
488.9	1.7516	0.56222	488.9	1.7516	0.56222	488.9	1.6334	0.19012	
490.48	1.7633	0.5647	490.48	1.7633	0.5647	490.48	1.6359	0.19238	
492.07	1.7744	0.56654	492.07	1.7744	0.56654	492.07	1.6387	0.194	
493.65	1.7858	0.56837	493.65	1.7858	0.56837	493.65	1.6407	0.19494	
495.24	1.7981	0.56993	495.24	1.7981	0.56993	495.24	1.6443	0.1961	
496.83	1.8101	0.57115	496.83	1.8101	0.57115	496.83	1.6477	0.19837	
498.41	1.8223	0.5719	498.41	1.8223	0.5719	498.41	1.6504	0.20003	
500	1.8353	0.57247	500	1.8353	0.57247	500	1.6528	0.20105	
501.58	1.848	0.57218	501.58	1.848	0.57218	501.58	1.6554	0.20368	
503.17	1.8609	0.57151	503.17	1.8609	0.57151	503.17	1.6577	0.20514	
504.75	1.874	0.56989	504.75	1.874	0.56989	504.75	1.6602	0.20727	
506.34	1.8867	0.56765	506.34	1.8867	0.56765	506.34	1.6628	0.20982	
507.93	1.8997	0.56498	507.93	1.8997	0.56498	507.93	1.6659	0.21155	
509.51	1.9125	0.56171	509.51	1.9125	0.56171	509.51	1.6684	0.21335	
511.1	1.9249	0.55771	511.1	1.9249	0.55771	511.1	1.6729	0.21544	
512.68	1.9384	0.55258	512.68	1.9384	0.55258	512.68	1.676	0.21497	
514.27	1.9506	0.54677	514.27	1.9506	0.54677	514.27	1.6807	0.21555	
515.85	1.9621	0.54017	515.85	1.9621	0.54017	515.85	1.6847	0.21744	
517.44	1.9727	0.53312	517.44	1.9727	0.53312	517.44	1.688	0.21854	
519.02	1.9827	0.52588	519.02	1.9827	0.52588	519.02	1.6922	0.22103	
520.61	1.9924	0.51806	520.61	1.9924	0.51806	520.61	1.6964	0.22205	
522.19	2.0012	0.5099	522.19	2.0012	0.5099	522.19	1.6999	0.22308	
523.78	2.0092	0.5016	523.78	2.0092	0.5016	523.78	1.7033	0.22322	
525.36	2.0168	0.49314	525.36	2.0168	0.49314	525.36	1.7067	0.22292	
526.95	2.024	0.48458	526.95	2.024	0.48458	526.95	1.7104	0.22252	
528.53	2.0307	0.47666	528.53	2.0307	0.47666	528.53	1.7147	0.22071	
530.12	2.0363	0.46916	530.12	2.0363	0.46916	530.12	1.7181	0.22135	
531.7	2.0418	0.46188	531.7	2.0418	0.46188	531.7	1.7215	0.22263	
533.29	2.047	0.45482	533.29	2.047	0.45482	533.29	1.7247	0.22293	
534.87	2.0526	0.44754	534.87	2.0526	0.44754	534.87	1.7277	0.22152	
536.46	2.0582	0.44094	536.46	2.0582	0.44094	536.46	1.73	0.22045	
538.04	2.0637	0.43438	538.04	2.0637	0.43438	538.04	1.7334	0.22052	
539.62	2.0693	0.42776	539.62	2.0693	0.42776	539.62	1.7356	0.22083	
541.21	2.0756	0.42087	541.21	2.0756	0.42087	541.21	1.7381	0.21823	
542.79	2.0818	0.41439	542.79	2.0818	0.41439	542.79	1.7407	0.21846	
544.38	2.0878	0.40769	544.38	2.0878	0.40769	544.38	1.7422	0.21994	
545.96	2.0936	0.40042	545.96	2.0936	0.40042	545.96	1.7447	0.22222	
547.54	2.1001	0.3923	547.54	2.1001	0.3923	547.54	1.7478	0.22218	
549.13	2.1059	0.38412	549.13	2.1059	0.38412	549.13	1.7504	0.22508	
550.71	2.1122	0.37468	550.71	2.1122	0.37468	550.71	1.754	0.2242	
552.3	2.118	0.36433	552.3	2.118	0.36433	552.3	1.7572	0.22361	
553.88	2.1227	0.35377	553.88	2.1227	0.35377	553.88	1.7615	0.22462	
555.46	2.1272	0.34253	555.46	2.1272	0.34253	555.46	1.766	0.22341	
557.05	2.1302	0.33162	557.05	2.1302	0.33162	557.05	1.7701	0.22424	
558.63	2.1342	0.32099	558.63	2.1342	0.32099	558.63	1.7766	0.22797	
560.21	2.135	0.30934	560.21	2.135	0.30934	560.21	1.7804	0.22642	
561.8	2.1359	0.29736	561.8	2.1359	0.29736	561.8	1.7862	0.22532	
563.38	2.1355	0.28614	563.38	2.1355	0.28614	563.38	1.7907	0.22462	
564.97	2.1345	0.27522	564.97	2.1345	0.27522	564.97	1.796	0.22418	
566.55	2.1331	0.2652	566.55	2.1331	0.2652	566.55	1.8012	0.22289	
568.13	2.1305	0.25544	568.13	2.1305	0.25544	568.13	1.8057	0.22128	
569.71	2.1283	0.24581	569.71	2.1283	0.24581	569.71	1.8107	0.21663	
571.3	2.1256	0.23711	571.3	2.1256	0.23711	571.3	1.8155	0.21248	
572.88	2.1218	0.22918	572.88	2.1218	0.22918	572.88	1.8204	0.21115	
574.46	2.1183	0.22179	574.46	2.1183	0.22179	574.46	1.8246	0.20763	
576.05	2.1148	0.21543	576.05	2.1148	0.21543	576.05	1.8273	0.20369	
577.63	2.1114	0.20961	577.63	2.1114	0.20961	577.63	1.831	0.19972	
579.21	2.1075	0.20469	579.21	2.1075	0.20469	579.21	1.8336	0.19756	
580.79	2.1041	0.19991	580.79	2.1041	0.19991	580.79	1.8359	0.19373	
582.38	2.1011	0.19533	582.38	2.1011	0.19533	582.38	1.8373	0.18812	
583.96	2.0984	0.1919	583.96	2.0984	0.1919	583.96	1.838	0.18469	
585.54	2.0962	0.18848	585.54	2.0962	0.18848	585.54	1.8375	0.17939	
587.12	2.0942	0.18589	587.12	2.0942	0.18589	587.12	1.8382	0.17711	
588.71	2.0927	0.18327	588.71	2.0927	0.18327	588.71	1.8384	0.17509	
590.29	2.0918	0.18098	590.29	2.0918	0.18098	590.29	1.8381	0.17408	
591.87	2.0915	0.17862	591.87	2.0915	0.17862	591.87	1.8371	0.17306	
593.45	2.0919	0.17607	593.45	2.0919	0.17607	593.45	1.8363	0.17274	
595.03	2.0927	0.17273	595.03	2.0927	0.17273	595.03	1.8364	0.1716	
596.62	2.0939	0.16929	596.62	2.0939	0.16929	596.62	1.8369	0.17189	
598.2	2.0954	0.1656	598.2	2.0954	0.1656	598.2	1.8372	0.17324	
599.78	2.0976	0.16135	599.78	2.0976	0.16135	599.78	1.8387	0.17506	
601.36	2.0997	0.15616	601.36	2.0997	0.15616	601.36	1.8419	0.17654	
602.94	2.1015	0.15034	602.94	2.1015	0.15034	602.94	1.8442	0.17756	
604.52	2.1031	0.14428	604.52	2.1031	0.14428	604.52	1.8474	0.18002	
606.1	2.1041	0.13699	606.1	2.1041	0.13699	606.1	1.8515	0.18068	
607.69	2.1044	0.12933	607.69	2.1044	0.12933	607.69	1.8564	0.1817	
609.27	2.1045	0.12181	609.27	2.1045	0.12181	609.27	1.8619	0.18396	
610.85	2.1038	0.11409	610.85	2.1038	0.11409	610.85	1.8682	0.18534	
612.43	2.1024	0.10563	612.43	2.1024	0.10563	612.43	1.8747	0.18495	
614.01	2.1005	0.097921	614.01	2.1005	0.097921	614.01	1.8823	0.18526	
615.59	2.0978	0.090311	615.59	2.0978	0.090311	615.59	1.8903	0.18577	
617.17	2.0947	0.082749	617.17	2.0947	0.082749	617.17	1.8985	0.18325	
618.75	2.091	0.075138	618.75	2.091	0.075138	618.75	1.9074	0.17989	
620.33	2.0868	0.068375	620.33	2.0868	0.068375	620.33	1.9153	0.17753	
621.91	2.0826	0.062198	621.91	2.0826	0.062198	621.91	1.9253	0.1737	
623.49	2.078	0.056049	623.49	2.078	0.056049	623.49	1.933	0.16687	
625.07	2.0733	0.04989	625.07	2.0733	0.04989	625.07	1.9388	0.15906	
626.65	2.0677	0.044401	626.65	2.0677	0.044401	626.65	1.9451	0.15306	
628.23	2.0618	0.03959	628.23	2.0618	0.03959	628.23	1.9527	0.14684	
629.81	2.0564	0.035256	629.81	2.0564	0.035256	629.81	1.9599	0.13894	
631.39	2.0507	0.03101	631.39	2.0507	0.03101	631.39	1.9646	0.12775	
632.97	2.0451	0.027205	632.97	2.0451	0.027205	632.97	1.9675	0.11697	
634.55	2.0393	0.023788	634.55	2.0393	0.023788	634.55	1.9697	0.10625	
636.13	2.0336	0.020728	636.13	2.0336	0.020728	636.13	1.9713	0.097231	
637.71	2.0279	0.017872	637.71	2.0279	0.017872	637.71	1.9706	0.08593	
639.29	2.0223	0.015766	639.29	2.0223	0.015766	639.29	1.9713	0.078384	
640.87	2.0167	0.013583	640.87	2.0167	0.013583	640.87	1.9714	0.068176	
642.45	2.0113	0.011441	642.45	2.0113	0.011441	642.45	1.9685	0.057567	
644.03	2.0058	0.010184	644.03	2.0058	0.010184	644.03	1.9657	0.049783	
645.61	2.0004	0.0087941	645.61	2.0004	0.0087941	645.61	1.9614	0.042045	
647.18	1.9955	0.0079141	647.18	1.9955	0.0079141	647.18	1.9575	0.034847	
648.76	1.9909	0.0069637	648.76	1.9909	0.0069637	648.76	1.9535	0.026593	
650.34	1.9866	0.0061759	650.34	1.9866	0.0061759	650.34	1.9482	0.018203	
651.92	1.9821	0.0053892	651.92	1.9821	0.0053892	651.92	1.9444	0.010492	
653.5	1.9778	0.0044189	653.5	1.9778	0.0044189	653.5	1.9375	0.0022901	
655.08	1.9734	0.0043616	655.08	1.9734	0.0043616	655.08	1.9315	0	
656.65	1.9691	0.0045123	656.65	1.9691	0.0045123	656.65	1.9269	0	
658.23	1.9648	0.0048294	658.23	1.9648	0.0048294	658.23	1.9217	0	
659.81	1.9607	0.0050931	659.81	1.9607	0.0050931	659.81	1.9169	0	
661.39	1.9567	0.005446	661.39	1.9567	0.005446	661.39	1.9134	0	
662.97	1.953	0.0056071	662.97	1.953	0.0056071	662.97	1.9085	0	
664.54	1.9493	0.0061164	664.54	1.9493	0.0061164	664.54	1.9047	0	
666.12	1.9461	0.0066005	666.12	1.9461	0.0066005	666.12	1.8991	0	
667.7	1.9428	0.0073064	667.7	1.9428	0.0073064	667.7	1.8956	0	
669.28	1.9398	0.0077493	669.28	1.9398	0.0077493	669.28	1.8915	0	
670.85	1.9365	0.0080236	670.85	1.9365	0.0080236	670.85	1.8881	0	
672.43	1.9335	0.0083809	672.43	1.9335	0.0083809	672.43	1.8834	0	
674.01	1.931	0.0089287	674.01	1.931	0.0089287	674.01	1.879	0	
675.58	1.9283	0.0096347	675.58	1.9283	0.0096347	675.58	1.875	0	
677.16	1.9255	0.0097488	677.16	1.9255	0.0097488	677.16	1.8711	0	
678.74	1.9229	0.010391	678.74	1.9229	0.010391	678.74	1.8661	0	
680.31	1.9202	0.010979	680.31	1.9202	0.010979	680.31	1.8611	0	
681.89	1.9185	0.011642	681.89	1.9185	0.011642	681.89	1.8567	0	
683.47	1.9165	0.012083	683.47	1.9165	0.012083	683.47	1.8526	0	
685.04	1.9143	0.012446	685.04	1.9143	0.012446	685.04	1.8501	0	
686.62	1.9124	0.013087	686.62	1.9124	0.013087	686.62	1.847	0	
688.19	1.9105	0.013916	688.19	1.9105	0.013916	688.19	1.8441	0	
689.77	1.9086	0.014361	689.77	1.9086	0.014361	689.77	1.8403	0	
691.34	1.9073	0.014879	691.34	1.9073	0.014879	691.34	1.8385	0	
692.92	1.9054	0.01556	692.92	1.9054	0.01556	692.92	1.8343	0	
694.49	1.9038	0.016279	694.49	1.9038	0.016279	694.49	1.8317	0	
696.07	1.9021	0.016714	696.07	1.9021	0.016714	696.07	1.8311	0	
697.65	1.9004	0.017258	697.65	1.9004	0.017258	697.65	1.8264	0	
699.22	1.8984	0.017674	699.22	1.8984	0.017674	699.22	1.8244	0	
700.79	1.8975	0.018189	700.79	1.8975	0.018189	700.79	1.8226	0	
702.37	1.8963	0.018626	702.37	1.8963	0.018626	702.37	1.8179	0	
703.94	1.8948	0.019185	703.94	1.8948	0.019185	703.94	1.8142	0	
705.52	1.8937	0.020125	705.52	1.8937	0.020125	705.52	1.8134	0	
707.09	1.8916	0.020299	707.09	1.8916	0.020299	707.09	1.8127	0	
708.67	1.8906	0.020733	708.67	1.8906	0.020733	708.67	1.8113	0	
710.24	1.8898	0.020678	710.24	1.8898	0.020678	710.24	1.807	0	
711.82	1.8892	0.021275	711.82	1.8892	0.021275	711.82	1.8043	0	
713.39	1.8883	0.02123	713.39	1.8883	0.02123	713.39	1.8043	0	
714.96	1.8875	0.021581	714.96	1.8875	0.021581	714.96	1.8022	0	
716.54	1.8857	0.02195	716.54	1.8857	0.02195	716.54	1.7983	0	
718.11	1.8852	0.022188	718.11	1.8852	0.022188	718.11	1.7988	0	
719.68	1.8844	0.022374	719.68	1.8844	0.022374	719.68	1.7949	0	
721.26	1.8834	0.02311	721.26	1.8834	0.02311	721.26	1.7934	0	
722.83	1.8821	0.023198	722.83	1.8821	0.023198	722.83	1.7892	0	
724.4	1.882	0.023248	724.4	1.882	0.023248	724.4	1.7877	0	
725.97	1.8808	0.0234	725.97	1.8808	0.0234	725.97	1.7857	0	
727.55	1.8791	0.023978	727.55	1.8791	0.023978	727.55	1.783	0	
729.12	1.8781	0.023824	729.12	1.8781	0.023824	729.12	1.7812	0	
730.69	1.878	0.023777	730.69	1.878	0.023777	730.69	1.7818	0	
732.26	1.8774	0.023813	732.26	1.8774	0.023813	732.26	1.7815	0	
733.84	1.8761	0.023849	733.84	1.8761	0.023849	733.84	1.7803	0	
735.41	1.8763	0.0245	735.41	1.8763	0.0245	735.41	1.7805	0	
736.98	1.8746	0.024986	736.98	1.8746	0.024986	736.98	1.7756	0	
738.55	1.873	0.024932	738.55	1.873	0.024932	738.55	1.7723	0	
740.12	1.8721	0.025137	740.12	1.8721	0.025137	740.12	1.7712	0	
741.69	1.872	0.025605	741.69	1.872	0.025605	741.69	1.7704	0	
743.27	1.8715	0.02564	743.27	1.8715	0.02564	743.27	1.769	0	
744.84	1.8699	0.025674	744.84	1.8699	0.025674	744.84	1.7659	0	
746.41	1.8689	0.025567	746.41	1.8689	0.025567	746.41	1.7661	0	
747.98	1.8681	0.026165	747.98	1.8681	0.026165	747.98	1.7654	0	
749.55	1.8674	0.026372	749.55	1.8674	0.026372	749.55	1.7651	0	
751.12	1.8681	0.026885	751.12	1.8681	0.026885	751.12	1.7653	0	
752.69	1.8659	0.026887	752.69	1.8659	0.026887	752.69	1.7613	0	
754.26	1.8659	0.0269	754.26	1.8659	0.0269	754.26	1.7623	0	
755.83	1.8652	0.027298	755.83	1.8652	0.027298	755.83	1.7619	0	
757.4	1.8633	0.027663	757.4	1.8633	0.027663	757.4	1.7578	0	
758.97	1.863	0.027447	758.97	1.863	0.027447	758.97	1.7568	0	
760.54	1.8629	0.027423	760.54	1.8629	0.027423	760.54	1.7553	0	
762.11	1.8619	0.027431	762.11	1.8619	0.027431	762.11	1.7559	0	
763.68	1.8617	0.027259	763.68	1.8617	0.027259	763.68	1.7567	0	
765.25	1.863	0.027089	765.25	1.863	0.027089	765.25	1.7561	0	
766.82	1.8617	0.027501	766.82	1.8617	0.027501	766.82	1.7538	0	
768.38	1.8618	0.027858	768.38	1.8618	0.027858	768.38	1.7529	0	
769.95	1.8599	0.028621	769.95	1.8599	0.028621	769.95	1.7508	0	
771.52	1.859	0.028521	771.52	1.859	0.028521	771.52	1.7473	0	
773.09	1.859	0.029061	773.09	1.859	0.029061	773.09	1.748	0	
774.66	1.8587	0.029422	774.66	1.8587	0.029422	774.66	1.7504	0	
776.23	1.8562	0.02942	776.23	1.8562	0.02942	776.23	1.7471	0	
777.79	1.8548	0.029648	777.79	1.8548	0.029648	777.79	1.7453	0	
779.36	1.8565	0.029948	779.36	1.8565	0.029948	779.36	1.7475	0	
780.93	1.8555	0.02986	780.93	1.8555	0.02986	780.93	1.7437	0	
782.5	1.855	0.030117	782.5	1.855	0.030117	782.5	1.7441	0	
784.06	1.8554	0.030474	784.06	1.8554	0.030474	784.06	1.7476	0	
785.63	1.8532	0.030055	785.63	1.8532	0.030055	785.63	1.7406	0	
787.2	1.8531	0.03001	787.2	1.8531	0.03001	787.2	1.7418	0	
788.76	1.8531	0.029827	788.76	1.8531	0.029827	788.76	1.7391	0	
790.33	1.8526	0.030027	790.33	1.8526	0.030027	790.33	1.739	0	
791.9	1.853	0.029713	791.9	1.853	0.029713	791.9	1.7399	0	
793.46	1.8532	0.030391	793.46	1.8532	0.030391	793.46	1.7409	0	
795.03	1.8493	0.030566	795.03	1.8493	0.030566	795.03	1.7345	0	
796.6	1.8473	0.030531	796.6	1.8473	0.030531	796.6	1.7315	0	
798.16	1.8506	0.030368	798.16	1.8506	0.030368	798.16	1.7393	0	
799.73	1.8497	0.030556	799.73	1.8497	0.030556	799.73	1.7367	0	
801.29	1.8507	0.03089	801.29	1.8507	0.03089	801.29	1.7386	0	
802.86	1.8505	0.030863	802.86	1.8505	0.030863	802.86	1.7407	0	
804.42	1.85	0.031218	804.42	1.85	0.031218	804.42	1.737	0	
805.99	1.8502	0.031233	805.99	1.8502	0.031233	805.99	1.7379	0	
807.55	1.8485	0.030964	807.55	1.8485	0.030964	807.55	1.7338	0	
809.12	1.8481	0.030745	809.12	1.8481	0.030745	809.12	1.7344	0	
810.68	1.8471	0.031114	810.68	1.8471	0.031114	810.68	1.7331	0	
812.25	1.8466	0.031492	812.25	1.8466	0.031492	812.25	1.7315	0	
813.81	1.8458	0.031449	813.81	1.8458	0.031449	813.81	1.7311	0	
815.37	1.8453	0.031235	815.37	1.8453	0.031235	815.37	1.7298	0	
816.94	1.8436	0.030892	816.94	1.8436	0.030892	816.94	1.7287	0	
818.5	1.8447	0.030679	818.5	1.8447	0.030679	818.5	1.7293	0	
820.06	1.8445	0.030642	820.06	1.8445	0.030642	820.06	1.728	0	
821.63	1.8453	0.030364	821.63	1.8453	0.030364	821.63	1.728	0	
823.19	1.8438	0.030124	823.19	1.8438	0.030124	823.19	1.7322	0	
824.75	1.8442	0.030537	824.75	1.8442	0.030537	824.75	1.7328	0	
826.32	1.8465	0.031083	826.32	1.8465	0.031083	826.32	1.7345	0	
827.88	1.8477	0.031116	827.88	1.8477	0.031116	827.88	1.7351	0	
829.44	1.8449	0.031791	829.44	1.8449	0.031791	829.44	1.7316	0	
831	1.8459	0.031652	831	1.8459	0.031652	831	1.7315	0	
832.56	1.8441	0.031169	832.56	1.8441	0.031169	832.56	1.7297	0	
834.13	1.8448	0.031762	834.13	1.8448	0.031762	834.13	1.7315	0	
835.69	1.8459	0.031835	835.69	1.8459	0.031835	835.69	1.7361	0	
837.25	1.8441	0.031458	837.25	1.8441	0.031458	837.25	1.7325	0	
838.81	1.843	0.032364	838.81	1.843	0.032364	838.81	1.7321	0	
840.37	1.8438	0.032732	840.37	1.8438	0.032732	840.37	1.7342	0	
841.93	1.8436	0.032927	841.93	1.8436	0.032927	841.93	1.7338	0	
843.49	1.8431	0.032172	843.49	1.8431	0.032172	843.49	1.7305	0	
845.05	1.8439	0.032801	845.05	1.8439	0.032801	845.05	1.7339	0	
846.61	1.8423	0.032745	846.61	1.8423	0.032745	846.61	1.7329	0	
848.17	1.8388	0.032034	848.17	1.8388	0.032034	848.17	1.7288	0	
849.73	1.84	0.031691	849.73	1.84	0.031691	849.73	1.7306	0	
851.29	1.8398	0.032042	851.29	1.8398	0.032042	851.29	1.7315	0	
852.85	1.8366	0.032471	852.85	1.8366	0.032471	852.85	1.7246	0	
854.41	1.837	0.032399	854.41	1.837	0.032399	854.41	1.7272	0	
855.97	1.8373	0.033162	855.97	1.8373	0.033162	855.97	1.7281	2.9608e-005	
857.53	1.8363	0.033787	857.53	1.8363	0.033787	857.53	1.7282	0.0018818	
859.09	1.8365	0.033733	859.09	1.8365	0.033733	859.09	1.7281	0	
860.65	1.837	0.032437	860.65	1.837	0.032437	860.65	1.7234	0	
862.21	1.8364	0.033182	862.21	1.8364	0.033182	862.21	1.7215	0.0011087	
863.76	1.8351	0.032506	863.76	1.8351	0.032506	863.76	1.7226	0	
865.32	1.8352	0.032808	865.32	1.8352	0.032808	865.32	1.7188	0	
866.88	1.8367	0.032051	866.88	1.8367	0.032051	866.88	1.7211	0	
868.44	1.8363	0.033589	868.44	1.8363	0.033589	868.44	1.721	0.0017087	
870	1.8377	0.032531	870	1.8377	0.032531	870	1.7209	0	
871.55	1.8352	0.031805	871.55	1.8352	0.031805	871.55	1.7192	0	
873.11	1.8342	0.032181	873.11	1.8342	0.032181	873.11	1.7175	0	
874.67	1.8344	0.031389	874.67	1.8344	0.031389	874.67	1.7163	0	
876.22	1.8328	0.030945	876.22	1.8328	0.030945	876.22	1.7134	0	
877.78	1.8332	0.031726	877.78	1.8332	0.031726	877.78	1.7137	0	
879.34	1.8333	0.032927	879.34	1.8333	0.032927	879.34	1.7133	0	
880.89	1.8365	0.03188	880.89	1.8365	0.03188	880.89	1.7168	0	
882.45	1.8353	0.032585	882.45	1.8353	0.032585	882.45	1.7174	0	
884	1.8358	0.0327	884	1.8358	0.0327	884	1.7216	0	
885.56	1.8358	0.032271	885.56	1.8358	0.032271	885.56	1.7205	0	
887.11	1.8364	0.032191	887.11	1.8364	0.032191	887.11	1.7222	0	
888.67	1.8359	0.032332	888.67	1.8359	0.032332	888.67	1.7197	0	
890.22	1.8336	0.032003	890.22	1.8336	0.032003	890.22	1.718	0	
891.78	1.8342	0.032162	891.78	1.8342	0.032162	891.78	1.7189	0	
893.33	1.8325	0.031441	893.33	1.8325	0.031441	893.33	1.7157	0	
894.89	1.835	0.031765	894.89	1.835	0.031765	894.89	1.7185	0	
896.44	1.8351	0.03198	896.44	1.8351	0.03198	896.44	1.7206	0	
898	1.833	0.031492	898	1.833	0.031492	898	1.7159	0	
899.55	1.8325	0.031489	899.55	1.8325	0.031489	899.55	1.7172	0	
901.1	1.8317	0.031259	901.1	1.8317	0.031259	901.1	1.7157	0	
902.66	1.8319	0.03217	902.66	1.8319	0.03217	902.66	1.7181	0	
904.21	1.8307	0.032006	904.21	1.8307	0.032006	904.21	1.719	0.0028139	
905.76	1.829	0.032913	905.76	1.829	0.032913	905.76	1.7212	0.0043253	
907.31	1.8304	0.033343	907.31	1.8304	0.033343	907.31	1.7195	0	
908.87	1.831	0.033953	908.87	1.831	0.033953	908.87	1.7201	0.0031616	
910.42	1.8283	0.033077	910.42	1.8283	0.033077	910.42	1.7165	0.0019336	
911.97	1.8296	0.03207	911.97	1.8296	0.03207	911.97	1.7143	0	
913.52	1.8303	0.031786	913.52	1.8303	0.031786	913.52	1.7149	0	
915.07	1.8317	0.032205	915.07	1.8317	0.032205	915.07	1.7164	0	
916.62	1.8299	0.032218	916.62	1.8299	0.032218	916.62	1.7128	0	
918.18	1.831	0.032846	918.18	1.831	0.032846	918.18	1.7179	0	
919.73	1.8329	0.033576	919.73	1.8329	0.033576	919.73	1.7205	0	
921.28	1.8301	0.033428	921.28	1.8301	0.033428	921.28	1.7174	0	
922.83	1.8307	0.033208	922.83	1.8307	0.033208	922.83	1.7179	0	
924.38	1.8318	0.033525	924.38	1.8318	0.033525	924.38	1.7196	0.0013628	
925.93	1.8317	0.034272	925.93	1.8317	0.034272	925.93	1.7223	0.0038977	
927.48	1.83	0.034453	927.48	1.83	0.034453	927.48	1.7224	0.0064108	
929.03	1.8246	0.033223	929.03	1.8246	0.033223	929.03	1.7105	0.0027709	
930.58	1.8256	0.032731	930.58	1.8256	0.032731	930.58	1.7136	0.0028271	
932.13	1.8288	0.034198	932.13	1.8288	0.034198	932.13	1.723	0.007953	
933.67	1.826	0.036213	933.67	1.826	0.036213	933.67	1.7233	0.0095862	
935.22	1.8263	0.035005	935.22	1.8263	0.035005	935.22	1.7181	0.0084983	
936.77	1.8247	0.035521	936.77	1.8247	0.035521	936.77	1.7132	0.0049276	
938.32	1.8269	0.034138	938.32	1.8269	0.034138	938.32	1.715	0.0029748	
939.87	1.8233	0.03388	939.87	1.8233	0.03388	939.87	1.7122	0.0039336	
941.42	1.8277	0.03513	941.42	1.8277	0.03513	941.42	1.7168	0.0068758	
942.96	1.822	0.033736	942.96	1.822	0.033736	942.96	1.7047	0.001702	
944.51	1.8272	0.034855	944.51	1.8272	0.034855	944.51	1.717	0.0067577	
946.06	1.8268	0.033589	946.06	1.8268	0.033589	946.06	1.7156	0.0062906	
947.6	1.8249	0.033021	947.6	1.8249	0.033021	947.6	1.7121	0.00497	
949.15	1.8236	0.034968	949.15	1.8236	0.034968	949.15	1.7187	0.0085828	
950.7	1.8218	0.03463	950.7	1.8218	0.03463	950.7	1.7135	0.0080494	
952.24	1.8226	0.033471	952.24	1.8226	0.033471	952.24	1.7142	0.0072083	
953.79	1.8228	0.034053	953.79	1.8228	0.034053	953.79	1.7149	0.0083378	
955.33	1.826	0.035675	955.33	1.826	0.035675	955.33	1.7216	0.011916	
956.88	1.8216	0.033838	956.88	1.8216	0.033838	956.88	1.7193	0.0039168	
958.43	1.8199	0.03168	958.43	1.8199	0.03168	958.43	1.7129	0.001186	
959.97	1.8258	0.034139	959.97	1.8258	0.034139	959.97	1.7237	0.0056916	
961.52	1.8165	0.034023	961.52	1.8165	0.034023	961.52	1.7039	0.0028639	
963.06	1.8219	0.033826	963.06	1.8219	0.033826	963.06	1.7131	0.0072472	
964.6	1.8192	0.034618	964.6	1.8192	0.034618	964.6	1.7077	0.0088374	
966.15	1.8232	0.035726	966.15	1.8232	0.035726	966.15	1.7151	0.011365	
967.69	1.8223	0.035567	967.69	1.8223	0.035567	967.69	1.7119	0.010801	
969.24	1.8205	0.035542	969.24	1.8205	0.035542	969.24	1.7082	0.01201	
970.78	1.8185	0.0333	970.78	1.8185	0.0333	970.78	1.7038	0.0065271	
972.32	1.822	0.033671	972.32	1.822	0.033671	972.32	1.7108	0.006268	
973.86	1.8244	0.032952	973.86	1.8244	0.032952	973.86	1.7163	0.0071921	
975.41	1.8237	0.031621	975.41	1.8237	0.031621	975.41	1.7098	0.0029104	
976.95	1.8246	0.031842	976.95	1.8246	0.031842	976.95	1.7135	0.0038165	
978.49	1.8236	0.031251	978.49	1.8236	0.031251	978.49	1.7113	0	
980.03	1.8233	0.033529	980.03	1.8233	0.033529	980.03	1.7143	0.0017888	
981.58	1.8221	0.035398	981.58	1.8221	0.035398	981.58	1.716	0.0080358	
983.12	1.8205	0.034565	983.12	1.8205	0.034565	983.12	1.7151	0.006226	
984.66	1.8171	0.034674	984.66	1.8171	0.034674	984.66	1.7075	0.005982	
986.2	1.8188	0.034304	986.2	1.8188	0.034304	986.2	1.7129	0.0057001	
987.74	1.818	0.033298	987.74	1.818	0.033298	987.74	1.7091	0.0041189	
989.28	1.8203	0.032071	989.28	1.8203	0.032071	989.28	1.7085	0.00063358	
990.82	1.8206	0.032659	990.82	1.8206	0.032659	990.82	1.7091	0.0011204	
992.36	1.8206	0.03352	992.36	1.8206	0.03352	992.36	1.7108	0.0025771	
993.9	1.8214	0.033806	993.9	1.8214	0.033806	993.9	1.7129	0.0068687	
995.44	1.8194	0.035784	995.44	1.8194	0.035784	995.44	1.7082	0.011558	
996.98	1.8175	0.035568	996.98	1.8175	0.035568	996.98	1.7089	0.0076784	
998.52	1.8204	0.037322	998.52	1.8204	0.037322	998.52	1.7205	0.014516	
									